1 10
100 200
201 210
900 1000
1 1
384479 193788
345317 730814
277328 546588
762197 2025
963332 48962
348141 571003
431262 890486
75823 922642
316105 262751
174602 42078
626525 658863
387082 226083
6846 436033
672817 656392
193602 152483
629640 216360
565495 644561
435906 736812
135911 790103
293411 107315
566585 989959
156032 780964
200464 565923
774160 211450
76166 95137
649505 964231
502150 415641
57524 333755
879278 937573
688941 194915
888228 261208
652426 484999
14207 521704
370900 730214
894291 659940
573955 460344
85859 884043
718582 64515
622293 934405
427345 452122
598912 379023
456411 392840
222191 740683
935628 387716
82103 713501
868966 43724
724656 958922
262208 267467
429468 311145
40830 312038
7620 24224
601281 842781
483432 492860
868073 498629
605939 964898
512530 93142
655295 569044
55282 326662
96392 683602
381282 83599
5934 417152
680266 753132
167416 207220
344572 919051
990515 651437
724756 457950
393697 121191
370849 761735
824892 476087
574916 902528
908390 515965
650222 246443
487171 929656
234973 70476
569339 45428
876986 21204
690169 15766
211193 510058
542720 319739
74847 724192
219338 245762
352810 239820
555170 943230
42826 130663
220466 48163
316367 199445
940152 302132
434040 245034
230785 100799
424753 401719
514680 677155
139268 288438
721742 230777
12929 762099
600085 322925
891401 461635
990978 655142
983544 371381
203416 285008
5643 147715
837799 837799
